A = [1 -1 2 2; -1  5  -14 2; 2 -14 42 2; 2 2 2 65];

x3 = [3.1416  2.7183  1.4142  1.7320 ]';
x4 = [2.2360  2.6457  3.1416  3.3166 ]';

b3 = A * x3;
b4 = A * x4;
